1.602577214390671907e+04
2.752313552029411308e+06
-1.210766253739276123e+10
7.771903349967405273e+12
1.402589747405805120e+17
-6.413665766069315830e+20
1.437154233015331642e+24
-2.078905374970861520e+27
2.149471167095413010e+30
-1.676077079456602741e+33
1.019300906886320543e+36
-4.948173967135464735e+38
1.950201234617860441e+41
-6.319676460219332435e+43
1.699823622772013923e+46
-3.821691804434960623e+48
7.218397823750278614e+50
-1.149261856885393223e+53
1.545204646729787040e+55
-1.755048524340263696e+57
1.681873519394464647e+59
-1.355791490963370227e+61
9.146415838895511240e+62
-5.123042598480672202e+64
2.354600205323131535e+66
-8.725699384505614378e+67
2.537166885676794679e+69
-5.527296622350962364e+70
8.215474965041890290e+71
-6.219627314522095831e+72
-2.621986115371717852e+73
1.040406126811321082e+75
-7.097524813477991300e+75
